"pal" <-
list(structure(list(PolygonId = as.integer(c(1, 2, 3, 4, 5, 6, 
7, 8, 9, 10, 11, 12, 13, 14, 15, 16, 17, 18, 19, 20, 21, 22, 
23, 24, 25, 26, 27, 28, 29, 30, 31, 32, 33, 34, 35, 36, 37, 38, 
39, 40, 41, 42, 43, 44, 45, 46, 47, 48, 49, 50, 51, 52, 53, 54, 
55, 56, 57, 58, 59, 60, 61, 62, 63, 64, 65, 66, 67, 68, 69, 70, 
71, 72, 73, 74, 75, 76, 77, 78, 79, 80, 81, 82, 83, 84, 85, 86, 
87, 88, 89, 90, 91, 92, 93, 94, 95, 96, 97, 98, 99, 100, 101, 
102, 103, 104, 105)), MinX = c(-84.3219528198242, -81.7418823242188, 
-81.3551635742188, -80.9762802124023, -76.9508819580078, -76.3135528564453, 
-76.5420150756836, -80.4521713256836, -77.9000625610352, -77.2091064453125, 
-78.3241882324219, -78.5115737915039, -80.035774230957, -78.8078308105469, 
-79.5322189331055, -79.1539993286133, -78.0068435668945, -76.4918060302734, 
-81.5456314086914, -81.9183349609375, -76.590202331543, -76.7376708984375, 
-80.8823852539062, -82.0805969238281, -78.5467758178711, -80.5166397094727, 
-80.0473022460938, -79.5427780151367, -77.3279495239258, -79.2648544311523, 
-79.0164947509766, -75.7877502441406, -78.2571868896484, -82.4168090820312, 
-77.8287734985352, -81.8116912841797, -82.5055313110352, -78.9958801269531, 
-77.4094314575195, -82.9618530273438, -80.7080078125, -81.1120834350586, 
-81.343978881836, -80.4880752563477, -81.9871978759766, -76.404037475586, 
-76.8419723510742, -76.027816772461, -82.2949295043945, -75.727523803711, 
-80.0669708251953, -79.55615234375, -78.1923522949219, -80.7717590332031, 
-77.7008056640625, -81.5345458984375, -82.8882369995117, -78.7088928222656, 
-83.257682800293, -75.7537689208984, -77.194320678711, -76.6386413574219, 
-83.9529724121094, -77.8279037475586, -79.3602447509766, -82.2806701660156, 
-78.304946899414, -81.7682418823242, -79.2233276367188, -81.5378112792969, 
-83.3638763427734, -81.057846069336, -79.774185180664, -80.1829071044922, 
-80.786735534668, -80.5056381225586, -82.745361328125, -84.0384140014648, 
-77.8345489501953, -83.0569076538086, -81.4566955566406, -77.4741134643555, 
-82.3595962524414, -76.9877624511719, -83.7382125854492, -78.6726531982422, 
-84.3219528198242, -79.1132507324219, -77.7307739257812, -79.4592056274414, 
-80.3206253051758, -80.8404846191406, -76.0144271850586, -78.2007446289062, 
-80.0756072998047, -84.005500793457, -77.1679382324219, -79.6884155273438, 
-77.6860961914062, -79.4619827270508, -78.901351928711, -78.2725067138672, 
-79.071418762207, -78.0302047729492, -78.6505889892578), MinY = c(33.8304252624512, 
36.2400665283203, 36.3632354736328, 36.2362480163574, 36.2960548400879, 
36.0700645446777, 36.1545028686523, 36.2572593688965, 36.1648101806641, 
36.2380790710449, 36.2025299072266, 36.1635093688965, 36.2412986755371, 
36.0216560363770, 36.2419815063477, 36.2357978820801, 36.0032844543457, 
36.1131591796875, 35.9946594238281, 36.1114158630371, 36.0678443908691, 
36.0073432922363, 36.0463981628418, 35.9113960266113, 35.8174514770508, 
35.9726142883301, 35.8997268676758, 35.8432350158691, 35.8115196228027, 
35.860782623291, 35.8630027770996, 35.7736320495605, 35.7283439636230, 
35.8242797851562, 35.6771621704102, 35.7571640014648, 35.6986923217773, 
35.5189247131348, 35.6583251953125, 35.6780815124512, 35.7426719665527, 
35.5069618225098, 35.7790451049805, 35.5041961669922, 35.5581359863281, 
35.5978240966797, 35.6973037719727, 35.5708389282227, 35.517879486084, 
35.8028717041016, 35.5057487487793, 35.515007019043, 35.5725440979004, 
35.5018692016602, 35.3278274536133, 35.5476760864258, 35.4165344238281, 
35.2562103271484, 35.2917633056641, 35.1870918273926, 35.2158813476562, 
35.3252677917480, 35.2794532775879, 35.3478317260742, 35.3068199157715, 
35.1803703308105, 35.1461563110352, 35.1633224487305, 35.1920204162598, 
35.4006958007812, 35.0006828308105, 35.0015602111816, 35.0428733825684, 
35.1371955871582, 35.1852798461914, 35.1429328918457, 35.1453704833984, 
35.2168426513672, 35.0075492858887, 35.0274314880371, 35.1482810974121, 
34.8310966491699, 35.1846771240234, 34.9502754211426, 34.9931983947754, 
34.5537109375, 34.9872512817383, 34.8341255187988, 34.7802124023438, 
34.8332176208496, 34.8064002990723, 34.8138542175293, 35.0649070739746, 
34.7091941833496, 34.8047332763672, 34.9864997863770, 34.5797653198242, 
34.6302719116211, 34.4392433166504, 34.2990760803223, 34.3669204711914, 
34.2920608520508, 33.9440727233887, 33.9276313781738, 33.8304252624512
), MaxX = c(-75.4612884521484, -81.2443923950195, -80.9019317626953, 
-80.4403228759766, -76.4540252685547, -75.7737503051758, -75.8884963989258, 
-80.0275039672852, -77.0664978027344, -76.6897888183594, -77.8982391357422, 
-78.2777633666992, -79.5108947753906, -78.4537658691406, -79.138198852539, 
-78.7950973510742, -77.230598449707, -76.032943725586, -80.8690872192383, 
-81.4613647460938, -76.1842575073242, -76.4032592773438, -80.4321899414062, 
-81.7356948852539, -78.0068435668945, -80.035774230957, -79.5326309204102, 
-79.237548828125, -76.6805419921875, -78.9510650634766, -78.6993408203125, 
-75.5347290039062, -77.6982345581055, -81.9791793823242, -77.3427734375, 
-81.3285751342773, -82.1333465576172, -78.2552032470703, -76.7611312866211, 
-82.4088821411133, -80.3656463623047, -80.6929092407227, -81.003791809082, 
-80.0434036254883, -81.3642501831055, -75.9950790405273, -76.3537902832031, 
-75.7131576538086, -81.8243637084961, -75.6136245727539, -79.5420913696289, 
-78.9062728881836, -77.6616134643555, -80.1829071044922, -77.0859680175781, 
-80.9241790771484, -82.1691818237305, -78.0648880004883, -82.745361328125, 
-75.4612884521484, -76.4680709838867, -75.8674850463867, -83.1564025878906, 
-77.4748611450195, -78.9708938598633, -81.692512512207, -77.8004837036133, 
-81.3214645385742, -78.5304870605469, -80.9416732788086, -82.9199676513672, 
-80.5504913330078, -79.0963821411133, -79.6145324707031, -80.2956161499023, 
-80.0514450073242, -82.2616271972656, -83.5824203491211, -77.3912811279297, 
-82.575065612793, -80.9231491088867, -76.625, -81.96142578125, 
-76.4667205810547, -83.1085510253906, -78.1134719848633, -83.6905364990234, 
-78.4950408935547, -77.0498962402344, -79.0349578857422, -79.8487701416016, 
-80.2774276733398, -75.7509460449219, -77.651351928711, -79.4592056274414, 
-83.4833984375, -76.0354690551758, -79.3310089111328, -77.096939086914, 
-78.8054809570312, -78.176773071289, -77.5179290771484, -78.1625595092773, 
-77.7163619995117, -77.9312286376953),