"pat" <-
structure(list("AREA            " = c(-12.9607295989990, 0.111104942858219, 
0.0612266771495342, 0.140013203024864, 0.0901241898536682, 0.0813199803233147, 
0.0706278756260872, 0.118585333228111, 0.143266201019287, 0.0936413779854774, 
0.115473628044128, 0.0701725482940674, 0.148936927318573, 0.139323890209198, 
0.111528508365154, 0.105131961405277, 0.189828276634216, 0.06535554677248, 
0.197141483426094, 0.081314854323864, 0.0709556266665459, 0.0506010167300701, 
0.0874978750944138, 0.0639790594577789, 0.12808196246624, 0.106943987309933, 
0.170383274555206, 0.11268799751997, 0.188771679997444, 0.103806599974632, 
0.0772293508052826, 0.0138881197199225, 0.140380740165710, 0.057525634765625, 
0.131201788783073, 0.122733928263187, 0.0809198096394539, 0.221175789833069, 
0.119547732174397, 0.116720333695412, 0.0689443200826645, 0.153282478451729, 
0.0680819526314735, 0.14675110578537, 0.132841229438782, 0.114078342914581, 
0.097718320786953, 0.0923722982406616, 0.115159682929516, 0.00580590078607202, 
0.203362137079239, 0.183026239275932, 0.0965626612305641, 0.134934529662132, 
0.168512538075447, 0.106765970587730, 0.169966325163841, 0.204950854182243, 
0.142815083265305, 0.0122112156823277, 0.242779612541199, 0.191084459424019, 
0.139063030481339, 0.0685121044516563, 0.0664855390787125, 0.145266354084015, 
0.143008664250374, 0.120342113077641, 0.154568910598755, 0.0791078507900238, 
0.126909211277962, 0.140895247459412, 0.181334704160690, 0.128582924604416, 
0.093859352171421, 0.103736616671085, 0.0962335392832756, 0.0774558931589127, 
0.103183463215828, 0.0976426228880882, 0.0931458473205566, 0.195338502526283, 
0.0611123070120811, 0.108141556382179, 0.132996693253517, 0.242148324847221, 
0.119408741593361, 0.168588876724243, 0.121394410729408, 0.100420616567135, 
0.137367442250252, 0.163823127746582, 0.00345054990611970, 0.209275126457214, 
0.122677177190781, 0.0565971918404102, 0.198272153735161, 0.0818799883127213, 
0.209451273083687, 0.242098852992058, 0.225729346275330, 0.224286630749702, 
0.241974085569382, 0.056153055280447, 0.227652370929718), "PERIMETER       " = c(30.1551418304443, 
1.56366074085236, 1.33866727352142, 1.74774968624115, 1.36465334892273, 
2.58273029327393, 1.91490316390991, 1.40404880046844, 2.36813712120056, 
1.80226814746857, 1.45705807209015, 1.11923491954803, 1.60552775859833, 
1.68185710906982, 1.34267866611481, 1.29937076568604, 2.58673000335693, 
1.47597742080688, 2.10797452926636, 1.34007799625397, 1.20934712886810, 
1.24247539043427, 1.39221572875977, 1.26451766490936, 1.64530336856842, 
1.52860045433044, 1.68773269653320, 1.40137577056885, 2.43963718414307, 
1.30412185192108, 1.35082268714905, 1.09299266338348, 1.80845928192139, 
1.60941743850708, 1.66807365417480, 1.63378608226776, 1.53565192222595, 
2.20449447631836, 2.22084283828735, 1.92129218578339, 1.41693675518036, 
1.86314809322357, 1.13315212726593, 1.92479240894318, 1.90468883514404, 
1.60691499710083, 1.43098139762878, 1.27121603488922, 1.73911988735199, 
0.412041932344437, 1.81675601005554, 2.25815725326538, 1.35267770290375, 
1.72427690029144, 2.11725449562073, 1.54148232936859, 2.34363603591919, 
1.96576678752899, 1.97477114200592, 1.60518288612366, 2.62614321708679, 
2.54553890228271, 2.54813098907471, 1.16911578178406, 1.23013615608215, 
1.91441941261292, 1.70909607410431, 1.54246914386749, 1.78589260578156, 
1.45910668373108, 1.8753799200058, 1.94034147262573, 2.16777229309082, 
1.80006074905396, 1.35249829292297, 1.61256873607635, 1.72168052196503, 
1.38690876960754, 1.61153733730316, 1.58847689628601, 1.55426764488220, 
2.77505898475647, 1.13103437423706, 1.58610737323761, 1.96333599090576, 
2.52042770385742, 1.82624793052673, 2.02896928787231, 2.10451579093933, 
1.39834487438202, 1.71370851993561, 1.76130807399750, 0.618755638599396, 
1.96206498146057, 2.02073860168457, 1.37294328212738, 3.28285765647888, 
1.29371225833893, 2.01356720924377, 2.23977518081665, 2.43204045295715, 
2.40071582794189, 2.697838306427, 1.47629201412201, 2.53115558624268
), "NC#             " = as.integer(c(1, 2, 3, 4, 5, 6, 7, 8, 
9, 10, 11, 12, 13, 14, 15, 16, 17, 18, 19, 20, 21, 22, 23, 24, 
25, 26, 27, 28, 29, 30, 31, 32, 33, 34, 35, 36, 37, 38, 39, 40, 
41, 42, 43, 44, 45, 46, 47, 48, 49, 50, 51, 52, 53, 54, 55, 56, 
57, 58, 59, 60, 61, 62, 63, 64, 65, 66, 67, 68, 69, 70, 71, 72, 
73, 74, 75, 76, 77, 78, 79, 80, 81, 82, 83, 84, 85, 86, 87, 88, 
89, 90, 91, 92, 93, 94, 95, 96, 97, 98, 99, 100, 101, 102, 103, 
104, 105)), "NC-ID           " = as.integer(c(0, 1991, 1983, 
1965, 1847, 1818, 1839, 1957, 1866, 1862, 1892, 1910, 1944, 1912, 
1935, 1924, 1898, 1854, 2014, 2037, 1875, 1887, 2029, 2053, 1961, 
2021, 2010, 2002, 1917, 1993, 1988, 1885, 1969, 2094, 1967, 2088, 
2107, 2019, 1974, 2116, 2060, 2074, 2089, 2059, 2114, 1950, 1960, 
1943, 2120, 1947, 2072, 2056, 2034, 2110, 2028, 2129, 2158, 2048, 
2183, 1973, 2031, 2013, 2201, 2063, 2115, 2188, 2091, 2189, 2117, 
2184, 2226, 2185, 2137, 2150, 2172, 2168, 2213, 2257, 2104, 2244, 
2203, 2100, 2224, 2099, 2270, 2155, 2282, 2175, 2138, 2195, 2219, 
2223, 2098, 2164, 2209, 2295, 2130, 2228, 2193, 2236, 2246, 2249, 
2313, 2296, 2318)), "ST              " = c("  ", "37", "37", 
"37", "37", "37", "37", "37", "37", "37", "37", "37", "37", "37", 
"37", "37", "37", "37", "37", "37", "37", "37", "37", "37", "37", 
"37", "37", "37", "37", "37", "37", "37", "37", "37", "37", "37", 
"37", "37", "37", "37", "37", "37", "37", "37", "37", "37", "37", 
"37", "37", "37", "37", "37", "37", "37", "37", "37", "37", "37", 
"37", "37", "37", "37", "37", "37", "37", "37", "37", "37", "37", 
"37", "37", "37", "37", "37", "37", "37", "37", "37", "37", "37", 
"37", "37", "37", "37", "37", "37", "37", "37", "37", "37", "37", 
"37", "37", "37", "37", "37", "37", "37", "37", "37", "37", "37", 
"37", "37", "37"), "CO              " = c("   ", "009", "005", 
"171", "073", "053", "029", "169", "131", "091", "185", "181", 
"157", "077", "033", "145", "083", "139", "193", "189", "143", 
"041", "197", "011", "069", "067", "081", "001", "015", "135", 
"063", "055", "127", "121", "065", "027", "199", "183", "117", 
"115", "059", "097", "003", "057", "023", "177", "187", "055", 
"111", "055", "151", "037", "195", "159", "147", "035", "021", 
"101", "087", "055", "013", "095", "173", "079", "105", "161", 
"191", "045", "085", "109", "099", "119", "125", "123", "025", 
"167", "089", "075", "107", "175", "071", "049", "149", "137", 
"113", "163", "039", "051", "103", "093", "007", "179", "095", 
"061", "153", "043", "031", "165", "133", "155", "017", "141", 
"047", "129", "019"), "NAME            " = c("                                                            ", 
"Ashe                                                        ", 
"Alleghany                                                   ", 
"Surry                                                       ", 
"Gates                                                       ", 
"Currituck                                                   ", 
"Camden                                                      ", 
"Stokes                                                      ", 
"Northampton                                                 ", 
"Hertford                                                    ", 
"Warren                                                      ", 
"Vance                                                       ", 
"Rockingham                                                  ", 
"Granville                                                   ", 
"Caswell                                                     ", 
"Person                                                      ", 
"Halifax                                                     ", 
"Pasquotank                                                  ", 
"Wilkes                                                      ", 
"Watauga                                                     ", 
"Perquimans                                                  ", 
