"lns" <-
structure(list(Shapes = structure(list(structure(list(Pstart = as.integer(0), 
    verts = structure(c(1080877.20577493, 1080655.5, 7799987.81052984, 
    7801400), .Dim = as.integer(c(2, 2))), shp.type = as.integer(3), 
    nVerts = as.integer(2), nParts = as.integer(1), bbox = c(1080655.5, 
    7799987.81052984, 1080877.20577493, 7801400), shpID = as.integer(0)), .Names = c("Pstart", 
"verts", "shp.type", "nVerts", "nParts", "bbox", "shpID"), nVerts = as.integer(2), nParts = as.integer(1), shp.type = as.integer(3), bbox = c(1080655.5, 
7799987.81052984, 1080877.20577493, 7801400)), structure(list(
    Pstart = as.integer(0), verts = structure(c(1084721.92695414, 
    1084705.95645451, 1081225.625, 1081217.24906401, 7791342.46048978, 
    7791371.98648909, 7797768.5, 7797821.85182906), .Dim = as.integer(c(4, 
    2))), shp.type = as.integer(3), nVerts = as.integer(4), nParts = as.integer(1), 
    bbox = c(1081217.24906401, 7791342.46048978, 1084721.92695414, 
    7797821.85182906), shpID = as.integer(1)), .Names = c("Pstart", 
"verts", "shp.type", "nVerts", "nParts", "bbox", "shpID"), nVerts = as.integer(4), nParts = as.integer(1), shp.type = as.integer(3), bbox = c(1081217.24906401, 
7791342.46048978, 1084721.92695414, 7797821.85182906)), structure(list(
    Pstart = as.integer(0), verts = structure(c(1081214.25, 1076942.75, 
    1073556.69465966, 1073533.20739720, 7771318.5, 7771227, 7765420.20558, 
    7765380.0249031), .Dim = as.integer(c(4, 2))), shp.type = as.integer(3), 
    nVerts = as.integer(4), nParts = as.integer(1), bbox = c(1073533.20739720, 
    7765380.0249031, 1081214.25, 7771318.5), shpID = as.integer(2)), .Names = c("Pstart", 
"verts", "shp.type", "nVerts", "nParts", "bbox", "shpID"), nVerts = as.integer(4), nParts = as.integer(1), shp.type = as.integer(3), bbox = c(1073533.20739720, 
7765380.0249031, 1081214.25, 7771318.5)), structure(list(Pstart = as.integer(0), 
    verts = structure(c(1067291.125, 1066368.75, 1063187.375, 
    1062228.375, 1061092.25, 7756902.5, 7758407, 7756322, 7756169.5, 
    7754681), .Dim = as.integer(c(5, 2))), shp.type = as.integer(3), 
    nVerts = as.integer(5), nParts = as.integer(1), bbox = c(1061092.25, 
    7754681, 1067291.125, 7758407), shpID = as.integer(3)), .Names = c("Pstart", 
"verts", "shp.type", "nVerts", "nParts", "bbox", "shpID"), nVerts = as.integer(5), nParts = as.integer(1), shp.type = as.integer(3), bbox = c(1061092.25, 
7754681, 1067291.125, 7758407)), structure(list(Pstart = as.integer(0), 
    verts = structure(c(995339.0625, 996939.125, 993338.4375, 
    991838.1875, 988537.8125, 981907, 975775.9375, 974436.125, 
    965823.75, 965966.1875, 965835.125, 962434.8125, 958334.4375, 
    954934.25, 952069.125, 950064.5625, 948133.75, 945809.5625, 
    943933.5, 940556.5625, 938087.625, 932449.6875, 931132.625, 
    929792.9375, 927953.625, 924932.25, 922132.125, 919754.4375, 
    921209.4375, 923851.8125, 922643.625, 920187.5625, 921209.4375, 
    920831.875, 920731.875, 7841997, 7837497, 7827796.5, 7826696.5, 
    7827996.5, 7825658, 7823410, 7819796.5, 7810335, 7809206, 
    7807596, 7805296, 7801496, 7803596, 7804505.5, 7804635.5, 
    7804096, 7803427.5, 7803996, 7802376.5, 7801116, 7789586.5, 
    7785496, 7782842.5, 7777733.5, 7773696, 7771796, 7766603.5, 
    7763836.5, 7759669.5, 7757410.5, 7752800.5, 7745647.5, 7740196, 
    7740296), .Dim = as.integer(c(35, 2))), shp.type = as.integer(3), 
    nVerts = as.integer(35), nParts = as.integer(1), bbox = c(919754.4375, 
    7740196, 996939.125, 7841997), shpID = as.integer(4)), .Names = c("Pstart", 
"verts", "shp.type", "nVerts", "nParts", "bbox", "shpID"), nVerts = as.integer(35), nParts = as.integer(1), shp.type = as.integer(3), bbox = c(919754.4375, 
7740196, 996939.125, 7841997)), structure(list(Pstart = as.integer(0), 
    verts = structure(c(897231.125, 901131.1875, 906731.375, 
    910031.5, 913431.625, 917831.75, 920731.875, 7735996, 7737596, 
    7739496, 7741796, 7740396, 7739996, 7740296), .Dim = as.integer(c(7, 
    2))), shp.type = as.integer(3), nVerts = as.integer(7), nParts = as.integer(1), 
    bbox = c(897231.125, 7735996, 920731.875, 7741796), shpID = as.integer(5)), .Names = c("Pstart", 
"verts", "shp.type", "nVerts", "nParts", "bbox", "shpID"), nVerts = as.integer(7), nParts = as.integer(1), shp.type = as.integer(3), bbox = c(897231.125, 
7735996, 920731.875, 7741796)), structure(list(Pstart = as.integer(0), 
    verts = structure(c(897231.125, 895031.0625, 893331, 891531, 
    888730.9375, 884330.8125, 879130.6875, 877230.6875, 877430.6875, 
    876130.625, 872530.5625, 864230.4375, 863030.4375, 861646.4375, 
    863011.5, 864971.5, 863427.5, 861883.5, 860696.5, 7735996, 
    7735196, 7734396, 7735496, 7733896, 7732596, 7730296, 7728096, 
    7724496, 7723596, 7724796, 7723996, 7724396, 7727586.5, 7734651.5, 
    7744508.5, 7746111.5, 7747892.5, 7749079.5), .Dim = as.integer(c(19, 
    2))), shp.type = as.integer(3), nVerts = as.integer(19), 
    nParts = as.integer(1), bbox = c(860696.5, 7723596, 897231.125, 
    7749079.5), shpID = as.integer(6)), .Names = c("Pstart", 
"verts", "shp.type", "nVerts", "nParts", "bbox", "shpID"), nVerts = as.integer(19), nParts = as.integer(1), shp.type = as.integer(3), bbox = c(860696.5, 
7723596, 897231.125, 7749079.5)), structure(list(Pstart = as.integer(0), 
    verts = structure(c(1062042.77214477, 1056775.375, 7732015.30444521, 
    7719613), .Dim = as.integer(c(2, 2))), shp.type = as.integer(3), 
    nVerts = as.integer(2), nParts = as.integer(1), bbox = c(1056775.375, 
    7719613, 1062042.77214477, 7732015.30444521), shpID = as.integer(7)), .Names = c("Pstart", 
"verts", "shp.type", "nVerts", "nParts", "bbox", "shpID"), nVerts = as.integer(2), nParts = as.integer(1), shp.type = as.integer(3), bbox = c(1056775.375, 
7719613, 1062042.77214477, 7732015.30444521)), structure(list(
    Pstart = as.integer(0), verts = structure(c(767230, 764130, 
    757630.0625, 754130.0625, 752230.0625, 745730.0625, 744630.0625, 
    743230.0625, 742330.0625, 740330.0625, 738330.0625, 735230.0625, 
    732330.0625, 731012.25, 7709495.5, 7712495.5, 7716895.5, 
    7719695.5, 7722795.5, 7728395.5, 7732695.5, 7739595.5, 7741595.5, 
    7743695.5, 7747095.5, 7748795.5, 7748895.5, 7753068.5), .Dim = as.integer(c(14, 
    2))), shp.type = as.integer(3), nVerts = as.integer(14), 
    nParts = as.integer(1), bbox = c(731012.25, 7709495.5, 767230, 
    7753068.5), shpID = as.integer(8)), .Names = c("Pstart", 
"verts", "shp.type", "nVerts", "nParts", "bbox", "shpID"), nVerts = as.integer(14), nParts = as.integer(1), shp.type = as.integer(3), bbox = c(731012.25, 
7709495.5, 767230, 7753068.5)), structure(list(Pstart = as.integer(0), 
    verts = structure(c(867530.4375, 873030.5, 879430.625, 882930.6875, 
    884930.75, 885730.8125, 887330.8125, 890030.875, 891730.9375, 
    893030.9375, 896231.0625, 896831.0625, 896431.0625, 897231.125, 
    7693796, 7699096, 7701796, 7704196, 7707496, 7715596, 7720496, 
    7720296, 7721596, 7723796, 7725396, 7728296, 7734296, 7735996
    ), .Dim = as.integer(c(14, 2))), shp.type = as.integer(3), 
    nVerts = as.integer(14), nParts = as.integer(1), bbox = c(867530.4375, 
    7693796, 897231.125, 7735996), shpID = as.integer(9)), .Names = c("Pstart", 
"verts", "shp.type", "nVerts", "nParts", "bbox", "shpID"), nVerts = as.integer(14), nParts = as.integer(1), shp.type = as.integer(3), bbox = c(867530.4375, 
7693796, 897231.125, 7735996)), structure(list(Pstart = as.integer(0),