"meuse.riv" <-
structure(c(182003.7, 182136.6, 182252.1, 182314.5, 182331.5, 
182323.9, 182268.2, 182160.9, 181979.1, 181831.8, 181739.6, 181675.3, 
181658.4, 181656, 181675.8, 181719.8, 181718.5, 181679.7, 181610.3, 
181451.8, 181325.1, 181029.8, 180915.2, 180740.8, 180579.2, 180528.2, 
180401.2, 180309.3, 180208.2, 179871.9, 179752.2, 179569.6, 179508.4, 
179420.9, 179286.5, 179033.3, 178895.9, 178708, 178551.1, 178474.2, 
178467.9, 178499.5, 178547.1, 178641.8, 178725.5, 178819, 178922.3, 
179059.1, 179212, 179343.8, 179447.2, 179535, 179596.4, 179834.7, 
179891.5, 180043.6, 180187, 180279, 180404.6, 180713.7, 180799.1, 
180947.4, 180982.3, 181065.6, 181114, 181124, 181098.1, 181008.6, 
180859, 180653.9, 180493.1, 180314.2, 180263.8, 180186.3, 180167.3, 
180120.6, 179890, 179803.4, 179546.9, 179397.3, 179233.7, 179102.6, 
178983.9, 178916.6, 178868.8, 178766, 178873.6, 178983, 179137.2, 
179282.3, 179556.9, 179651.5, 179823.9, 180000, 180064.8, 180087.1, 
180111.8, 180178.4, 180264, 180448.6, 180812.8, 180903.7, 180970.5, 
180977.8, 180965.9, 180940.1, 180901.6, 180773.4, 180671.6, 180569.8, 
180386.6, 180274.3, 180189.1, 180096.3, 180000, 179916.9, 179836.6, 
179691.9, 179617.3, 179512.7, 179307.2, 179239.9, 179058.6, 178843.6, 
178649.3, 178519.4, 178400.1, 178328.1, 178304, 178315, 178354.5, 
178413.6, 178643.8, 178840, 178987.6, 179129.8, 179208.3, 179299.2, 
179334, 179375, 179423.7, 179484.2, 179500.5, 179601.6, 179789.1, 
179901.7, 179965.5, 180153.4, 180296.9, 180390, 180481.4, 180695.3, 
180871.1, 181395.9, 181423.6, 181567, 181606.5, 181622.3, 181570.5, 
181569, 181581.5, 181626.9, 181661.9, 181716.7, 181855.3, 182167.2, 
182222, 182234.5, 182242.4, 182224, 182197.6, 182164, 182107.3, 
181981.7, 181810.4, 182003.7, 337678.6, 337569.6, 337413.6, 337284.7, 
337122.3, 336986.2, 336832.6, 336655.2, 336429.5, 336190, 335986.8, 
335763.7, 335634.2, 335462.9, 335298.4, 334886.7, 334648.8, 334431.2, 
334246.2, 334036.9, 333902.8, 333659.8, 333552.3, 333269, 332791.5, 
332688.4, 332495.6, 332403.3, 332320.8, 332233.2, 332167.2, 332020.7, 
331895.7, 331549.2, 331321.7, 331056.8, 330931, 330721.2, 330484.9, 
330268.2, 330173.2, 329972.1, 329872.1, 329757.9, 329694.9, 329641.1, 
329613.7, 329601.6, 329615.7, 329665.4, 329719.2, 329783.1, 329852.6, 
330110, 330197.1, 330284.2, 330301.9, 330298.9, 330253.6, 330019.7, 
329941.7, 329805.2, 329755.4, 329581.2, 329411.3, 329230, 329116.5, 
329001.9, 328892.4, 328835.6, 328774.1, 328643.3, 328559.2, 328323.5, 
328130.4, 327963.6, 327316.9, 327192.7, 326921.5, 326815.2, 326566.4, 
326345.2, 326114, 325897.1, 325698.5, 325759, 326139.8, 326377.6, 
326629.8, 326818.2, 327130.8, 327210.2, 327473.8, 327954.8, 328200.4, 
328495, 328573.6, 328666.7, 328759.2, 328870.8, 329033.7, 329094.2, 
329196.9, 329323.7, 329444.7, 329531.3, 329618.3, 329788.8, 329855.8, 
329922.8, 330089, 330153, 330168.4, 330149.2, 330089.4, 330002.5, 
329878.1, 329724, 329665.7, 329583.7, 329514.1, 329507.2, 329491.5, 
329516.4, 329598.9, 329704.7, 329845.1, 329974.5, 330111.8, 330257.5, 
330396, 330552.8, 330850.5, 331069.4, 331213.9, 331387.1, 331457.6, 
331619.8, 331707.6, 331896.8, 332025.4, 332116, 332140.5, 332222.9, 
332324.8, 332357.7, 332376.3, 332490.9, 332606.9, 332737.3, 332909, 
333432.4, 333661.7, 334130, 334170.2, 334377.7, 334519.2, 334715.3, 
335323.9, 335519.7, 335709.6, 335936.5, 336024.3, 336162, 336427.2, 
336848.5, 336973.6, 337060.8, 337115.7, 337230.5, 337298, 337354.6, 
337450, 337587.3, 337684.8, 337678.6), .Dim = as.integer(c(176, 
2)))
