"meuse" <-
structure(list(x = c(181072, 181025, 181165, 181298, 181307, 
181390, 181165, 181027, 181060, 181232, 181191, 181032, 180874, 
180969, 181011, 180830, 180763, 180694, 180625, 180555, 180642, 
180704, 180704, 181153, 181147, 181167, 181008, 180973, 180916, 
181352, 181133, 180878, 180829, 180954, 180956, 180710, 180632, 
180530, 180478, 180383, 180494, 180561, 180451, 180410, 180355, 
180292, 180283, 180282, 180270, 180199, 180135, 180237, 180103, 
179973, 179826, 179687, 179792, 179902, 180100, 179604, 179526, 
179495, 179489, 179414, 179334, 179255, 179470, 179692, 179852, 
179140, 179128, 179065, 179007, 179110, 179032, 179095, 179058, 
178810, 178912, 178981, 179076, 180151, 179211, 181118, 179474, 
179559, 179022, 178953, 178875, 178803, 179029, 178605, 178701, 
179547, 179301, 179405, 179462, 179293, 179180, 179206, 179618, 
179782, 179980, 180067, 180162, 180451, 180328, 180276, 180114, 
179881, 179774, 179657, 179731, 179717, 179446, 179524, 179644, 
180321, 180162, 180029, 179797, 179642, 179849, 180265, 180107, 
180462, 180478, 180347, 180862, 180700, 180201, 180173, 180923, 
180467, 179917, 179822, 179991, 179120, 179034, 179085, 179236, 
179456, 179550, 179445, 179337, 179245, 179024, 178786, 179135, 
179030, 179184, 179085, 178875, 179466, 180627), y = c(333611, 
333558, 333537, 333484, 333330, 333260, 333370, 333363, 333231, 
333168, 333115, 333031, 333339, 333252, 333161, 333246, 333104, 
332972, 332847, 332707, 332708, 332717, 332664, 332925, 332823, 
332778, 332777, 332687, 332753, 332946, 332570, 332489, 332450, 
332399, 332318, 332330, 332445, 332538, 332578, 332476, 332330, 
332193, 332175, 332031, 332299, 332157, 332014, 331861, 331707, 
331591, 331552, 332351, 332297, 332255, 332217, 332161, 332035, 
332113, 332213, 332059, 331936, 331770, 331633, 331494, 331366, 
331264, 331125, 330933, 330801, 330955, 330867, 330864, 330727, 
330758, 330645, 330636, 330510, 330666, 330779, 330924, 331005, 
330353, 331175, 333214, 331304, 331423, 330873, 330742, 330516, 
330349, 330394, 330406, 330557, 330245, 330179, 330567, 330766, 
330797, 330710, 330398, 330458, 330540, 330773, 331185, 331387, 
331473, 331158, 330963, 330803, 330912, 330921, 331150, 331245, 
331441, 331422, 331565, 331730, 330366, 331837, 331720, 331919, 
331955, 332142, 332297, 332101, 331947, 331822, 331700, 333116, 
332882, 331160, 331923, 332874, 331694, 331325, 331242, 331069, 
330578, 330561, 330433, 330046, 330072, 329940, 329807, 329870, 
329714, 329733, 329822, 329890, 330082, 330182, 330292, 330311, 
330381, 330190), cadmium = c(11.7, 8.6, 6.5, 2.6, 2.8, 3, 3.2, 
2.8, 2.4, 1.6, 1.4, 1.8, 11.2, 2.5, 2, 9.5, 7, 7.1, 8.7, 12.9, 
5.5, 2.8, 2.9, 1.7, 1.4, 1.5, 1.3, 1.3, 1.8, 1.5, 1.3, 1.3, 2.1, 
1.2, 1.6, 3, 5.8, 7.9, 8.1, 14.1, 2.4, 1.2, 1.7, 1.3, 4.2, 4.3, 
3.1, 1.7, 1.7, 2.1, 1.7, 8.2, 17, 12, 9.4, 8.2, 2.6, 3.5, 10.9, 
7.3, 9.4, 8.3, 7, 6.8, 7.4, 6.6, 7.8, 0.7, 3.4, 3.9, 3.5, 4.7, 
3.9, 3.1, 2.9, 3.9, 2.7, 2.5, 5.6, 9.4, 10.8, 18.1, 6.3, 2.1, 
1.8, 2.2, 2.8, 2.4, 2.6, 1.8, 2, 2.7, 2.7, 0.9, 0.9, 0.4, 0.8, 
0.4, 0.4, 0.4, 0.8, 0.4, 0.4, 0.4, 0.2, 0.2, 0.4, 0.2, 0.2, 0.4, 
0.2, 0.2, 0.2, 0.2, 0.2, 0.2, 0.2, 3.7, 0.2, 0.2, 0.2, 0.2, 1.2, 
2.4, 0.2, 0.2, 0.2, 0.2, 0.4, 1.6, 0.8, 1.2, 0.2, 0.2, 0.8, 1, 
0.8, 1.2, 2, 1.5, 1.1, 0.8, 0.8, 2.1, 2.5, 3.8, 3.2, 3.1, 1.5, 
1.2, 0.8, 3.1, 2.1, 0.8, 2.7), copper = c(85, 81, 68, 81, 48, 
61, 31, 29, 37, 24, 25, 25, 93, 31, 27, 86, 74, 69, 69, 95, 53, 
35, 35, 24, 26, 22, 27, 24, 22, 21, 29, 21, 27, 26, 27, 32, 50, 
67, 77, 108, 32, 21, 22, 21, 51, 50, 38, 26, 24, 32, 24, 47, 
128, 117, 104, 76, 36, 34, 90, 80, 78, 77, 65, 66, 72, 75, 75, 
22, 55, 47, 46, 55, 49, 39, 45, 48, 36, 36, 68, 88, 85, 76, 63, 
32, 25, 27, 36, 41, 33, 27, 38, 37, 34, 19, 22, 26, 25, 22, 24, 
18, 23, 22, 23, 23, 23, 18, 20, 22, 27, 25, 30, 23, 24, 21, 24, 
21, 23, 53, 33, 22, 23, 25, 30, 47, 31, 20, 16, 17, 26, 34, 18, 
23, 20, 14, 46, 29, 19, 31, 27, 29, 22, 20, 20, 29, 38, 39, 35, 
42, 24, 20, 20, 39, 31, 21, 27), lead = c(299, 277, 199, 116, 
117, 137, 132, 150, 133, 80, 86, 97, 285, 183, 130, 240, 133, 
148, 207, 284, 194, 123, 110, 85, 75, 76, 73, 67, 87, 65, 78, 
64, 77, 80, 82, 97, 166, 217, 219, 405, 102, 48, 65, 62, 281, 
294, 211, 135, 112, 162, 94, 191, 405, 654, 482, 276, 180, 207, 
541, 310, 210, 158, 141, 144, 181, 173, 399, 45, 325, 268, 252, 
315, 260, 237, 228, 241, 201, 204, 429, 462, 333, 464, 159, 116, 
81, 131, 216, 145, 163, 129, 148, 214, 226, 54, 70, 73, 87, 76, 
81, 68, 66, 49, 63, 48, 51, 50, 39, 48, 64, 84, 67, 49, 48, 56, 
65, 84, 75, 250, 81, 72, 86, 94, 244, 297, 96, 56, 49, 50, 148, 
162, 37, 80, 80, 49, 42, 48, 41, 73, 146, 95, 72, 51, 54, 136, 
170, 179, 200, 258, 93, 68, 49, 173, 119, 51, 124), zinc = c(1022, 
1141, 640, 257, 269, 281, 346, 406, 347, 183, 189, 251, 1096, 
504, 326, 1032, 606, 711, 735, 1052, 673, 402, 343, 218, 200, 
194, 207, 180, 240, 180, 208, 198, 250, 192, 213, 321, 569, 833, 
906, 1454, 298, 167, 176, 258, 746, 746, 464, 365, 282, 375, 
222, 812, 1548, 1839, 1528, 933, 432, 550, 1571, 1190, 907, 761, 
659, 643, 801, 784, 1060, 119, 778, 703, 676, 793, 685, 593, 
549, 680, 539, 560, 1136, 1383, 1161, 1672, 765, 279, 241, 317, 
545, 505, 420, 332, 400, 553, 577, 155, 224, 180, 226, 186, 198, 
187, 199, 157, 203, 143, 136, 117, 113, 130, 192, 240, 221, 140, 
128, 166, 191, 232, 203, 722, 210, 198, 139, 253, 703, 832, 262, 
142, 119, 152, 415, 474, 126, 210, 220, 133, 141, 158, 129, 206, 
451, 296, 189, 154, 169, 403, 471, 612, 601, 783, 258, 214, 166, 
496, 342, 162, 375), elev = c(7.909, 6.983, 7.8, 7.655, 7.48, 
7.791, 8.217, 8.49, 8.668, 9.049, 9.015, 9.073, 7.32, 8.815, 
8.937, 7.702, 7.16, 7.1, 7.02, 6.86, 8.908, 8.99, 8.83, 9.02, 
8.976, 8.973, 8.507, 8.743, 8.973, 9.043, 8.688, 8.727, 8.328, 
7.971, 7.809, 6.986, 7.756, 7.784, 7, 6.92, 7.516, 8.18, 8.694, 
9.28, 7.94, 6.36, 7.78, 8.18, 9.42, 8.867, 8.292, 8.06, 7.98, 
7.9, 7.74, 7.552, 7.76, 6.74, 6.68, 7.4, 7.44, 7.36, 7.2, 7.22, 
7.36, 5.18, 5.8, 7.64, 6.32, 5.76, 6.48, 6.48, 6.32, 6.32, 6.16, 
6.56, 6.9, 7.54, 6.42, 6.28, 6.34, 7.307, 5.7, 7.72, 7.932, 7.82, 
8.575, 8.536, 8.504, 8.659, 7.633, 8.538, 7.68, 7.564, 7.76, 
7.653, 7.951, 8.176, 8.468, 8.41, 7.61, 7.792, 8.76, 9.879, 9.097, 
9.095, 9.717, 9.924, 9.404, 10.52, 8.84, 8.472, 9.634, 9.206, 
8.47, 8.463, 9.691, 8.704, 9.42, 9.573, 9.555, 8.779, 8.54, 8.809, 
9.523, 9.811, 9.604, 9.732, 9.518, 9.72, 9.036, 9.528, 9.155, 
10.08, 9.97, 10.136, 10.32, 9.041, 7.86, 8.741, 7.822, 7.78, 
8.121, 8.231, 8.351, 7.3, 7.536, 7.706, 8.07, 8.226, 8.128, 8.577, 
8.429, 9.406, 8.261),